# oST version 5.0 parameters


[image]

width
640

height
480

[narrow_stereo/left]

camera matrix
424.782764 0.000000 323.159384
0.000000 424.990287 249.008679
0.000000 0.000000 1.000000

distortion
-0.308844 0.083553 -0.000398 0.001067 0.000000

rectification
0.999982 0.002878 0.005189
-0.002873 0.999995 -0.001007
-0.005192 0.000992 0.999986

projection
384.692958 0.000000 322.125565 0.000000
0.000000 384.692958 252.246799 0.000000
0.000000 0.000000 1.000000 0.000000

# oST version 5.0 parameters


[image]

width
640

height
480

[narrow_stereo/right]

camera matrix
423.834672 0.000000 319.943104
0.000000 423.947640 253.637047
0.000000 0.000000 1.000000

distortion
-0.305178 0.078714 0.000451 0.000458 0.000000

rectification
0.999988 -0.004469 -0.001950
0.004471 0.999990 0.000995
0.001946 -0.001004 0.999998

projection
384.692958 0.000000 322.125565 -34.644325
0.000000 384.692958 252.246799 0.000000
0.000000 0.000000 1.000000 0.000000

------------------
header: 
  seq: 61358
  stamp: 
    secs: 1327614735
    nsecs: 123496969
  frame_id: wide_stereo_optical_frame
height: 480
width: 640
distortion_model: plumb_bob
D: [-0.30884, 0.083550000000000013, -0.00040000000000000002, 0.00107, 0.0]
K: [424.78276, 0.0, 323.15938, 0.0, 424.99029000000002, 249.00868, 0.0, 0.0, 1.0]
R: [0.99998000000000009, 0.0028800000000000002, 0.0051900000000000002, -0.0028700000000000002, 1.0, -0.00101, -0.0051900000000000002, 0.00098999999999999999, 0.99999000000000005]
P: [384.69296000000003, 0.0, 322.12556000000001, 0.0, 0.0, 384.69296000000003, 252.24680000000001, 0.0, 0.0, 0.0, 1.0, 0.0]
binning_x: 0
binning_y: 0
roi: 
  x_offset: 0
  y_offset: 0
  height: 0
  width: 0
  do_rectify: False
---


